0.000000
0.001926
0.003852
0.005779
0.007705
0.009631
0.011557
0.013483
0.015410
0.017336
0.019262
0.021188
0.023114
0.025041
0.026967
0.028893
0.030819
0.032746
0.034672
0.036598
0.038524
0.040450
0.042377
0.044303
0.046229
0.048155
0.050081
0.052008
0.053934
0.055921
0.057909
0.059955
0.062061
0.064228
0.066459
0.068755
0.071118
0.073549
0.076050
0.078624
0.081271
0.083995
0.086796
0.089677
0.092640
0.095687
0.098820
0.102041
0.105352
0.108755
0.112253
0.115848
0.119542
0.123338
0.127237
0.131242
0.135356
0.139581
0.143919
0.148373
0.152945
0.157637
0.162453
0.167395
0.172465
0.177666
0.182999
0.188469
0.194077
0.199826
0.205718
0.211755
0.217941
0.224278
0.230767
0.237412
0.244215
0.251177
0.258302
0.265592
0.273048
0.280672
0.288468
0.296435
0.304577
0.312896
0.321391
0.330066
0.338922
0.347960
0.357181
0.366585
0.376175
0.385951
0.395914
0.406063
0.416399
0.426922
0.437633
0.448531
0.459615
0.470884
0.482339
0.493978
0.505799
0.517801
0.529983
0.542342
0.554877
0.567584
0.580461
0.593506
0.606714
0.620084
0.633611
0.647291
0.661120
0.675094
0.689209
0.703459
0.717840
0.732346
0.746972
0.761712
0.776561
0.791512
0.806560
0.821697
0.836917
0.852214
0.867581
0.883011
0.898496
0.914029
0.929604
0.945212
0.960847
0.976501
0.992166
1.007834
1.023499
1.039153
1.054788
1.070396
1.085971
1.101504
1.116989
1.132419
1.147786
1.163083
1.178303
1.193440
1.208488
1.223439
1.238288
1.253028
1.267654
1.282160
1.296541
1.310791
1.324906
1.338880
1.352709
1.366389
1.379916
1.393286
1.406494
1.419539
1.432416
1.445123
1.457658
1.470017
1.482199
1.494201
1.506022
1.517661
1.529116
1.540385
1.551469
1.562367
1.573078
1.583601
1.593937
1.604086
1.614049
1.623825
1.633415
1.642819
1.652040
1.661078
1.669934
1.678609
1.687104
1.695423
1.703565
1.711532
1.719328
1.726952
1.734408
1.741698
1.748823
1.755785
1.762588
1.769233
1.775722
1.782059
1.788245
1.794282
1.800174
1.805923
1.811531
1.817001
1.822334
1.827535
1.832605
1.837547
1.842363
1.847055
1.851627
1.856081
1.860419
1.864644
1.868758
1.872763
1.876662
1.880458
1.884152
1.887747
1.891245
1.894648
1.897959
1.901180
1.904313
1.907360
1.910323
1.913204
1.916005
1.918729
1.921376
1.923950
1.926451
1.928882
1.931245
1.933541
1.935772
1.937939
1.940045
1.942091
1.944079
1.946066
1.947992
1.949919
1.951845
1.953771
1.955697
1.957623
1.959550
1.961476
1.963402
1.965328
1.967254
1.969181
1.971107
1.973033
1.974959
1.976886
1.978812
1.980738
1.982664
1.984590
1.986517
1.988443
1.990369
1.992295
1.994221
1.996148
1.998074
